607 1354
609 10770
609 13533
609 14412
609 14587
609 14615
609 15512
609 16289
609 3609
609 7303
609 9840
618 10354
618 13437
618 13893
618 13915
618 4207
618 8465
618 9160
618 9563
620 1943
620 378
620 714
620 751
620 3796
620 4677
621 10025
621 14490
621 15780
621 16616
621 18878
621 19887
621 21948
621 2183
621 22317
621 22440
621 23357
621 23607
621 4901
621 7155
621 7796
622 419
622 3018
622 3074
622 4036
622 6681
626 1236
627 52
627 11740
627 12984
627 15141
627 2211
627 3077
627 3350
627 3374
627 7226
627 7506
627 7647
627 8095
628 10740
628 35179
629 3336
629 26324
629 27569
629 30082
629 34536
629 35371
631 2720
631 3851
631 24895
633 1480
633 4574
634 297
634 10520
634 12079
634 12179
634 16340
634 18397
634 5737
634 7984
635 26049
635 4995
635 5633
644 10276
644 11051
644 23063
