0 0 1.0
0 1 1.0
0 2 1.0
0 3 1.3081260233
0 4 1.26728724405
0 5 1.18465657957
0 6 1.16290224303
0 7 1.17603691832
0 8 1.12692373394
0 9 1.0849705229
0 10 1.06662483617
0 11 1.05583960574
0 12 0.996879460031
0 13 0.980166047756
0 14 0.984870626826
0 15 0.957357577926
0 16 1.05038677059
0 17 1.039470353
0 18 1.05619220289
0 19 1.06514635504
0 20 1.03798933264
0 21 1.04252152911
0 22 1.0
0 23 1.01137454616
0 24 1.04709855783
0 25 0.987658990925
0 26 1.03779148931
0 27 1.05032131288
0 28 1.01925790297
0 29 1.059175082
0 30 1.04818443426
0 31 1.03222597563
0 32 1.02163560905
0 33 1.025616273
0 34 1.03887301782
0 35 1.03213893851
0 36 0.992730850834
0 37 0.983749801769
0 38 0.927258965596
0 39 0.997720126754
0 40 1.04472365122
0 41 0.9766036626
0 42 0.985326186257
0 43 0.986315631873
0 44 0.964609490457
0 45 0.958788433653
0 46 0.947921509827
0 47 0.960487199165
0 48 1.00115604166
0 49 0.979711561519
0 50 1.01840207397
0 51 1.02814926274
0 52 1.02568061038
0 53 0.997438491957
0 54 0.978191583125
0 55 0.988226627411
0 56 1.01963294241
0 57 1.01055533619
0 58 1.00265063799
0 59 1.00262146532
0 60 1.01565459874
0 61 1.00159687316
0 62 1.00118792874
0 63 0.962288162794
0 64 0.996212955809
0 65 1.0
0 66 1.02235871267
0 67 1.02627159055
0 68 1.02716031533
0 69 1.01019904117
0 70 0.992335060896
0 71 0.993721144686
0 72 0.98755872777
0 73 0.993974788218
0 74 1.01695904169
0 75 0.999811007965
0 76 1.01052844429
0 77 1.00245081883
0 78 1.01812416505
0 79 1.0346866426
0 80 0.986749092189
0 81 0.979462980866
0 82 1.00732522057
0 83 1.02617115735
0 84 1.00348633291
0 85 1.00338159891
0 86 0.988083262439
0 87 1.00169642892
0 88 1.02286614546
0 89 0.987427723805
0 90 0.994301835223
0 91 1.03326071416
0 92 0.984683699305
0 93 0.970660762842
0 94 1.00479153905
0 95 1.04255513927
0 96 1.01315492562
0 97 1.00798495991
0 98 1.02235318327
0 99 0.9938001106
0 100 0.991158588719
0 101 1.02704495678
0 102 1.03428921917
0 103 1.01898687156
0 104 0.956273077022
0 105 1.00963890454
0 106 0.985868374051
0 107 1.03229505986
0 108 1.01351481278
0 109 1.02825214276
0 110 0.99157366731
0 111 1.00900171723
0 112 1.05186896035
0 113 1.02228281014
0 114 0.960129883267
0 115 1.01513135058
0 116 1.01784786684
0 117 1.0156575411
0 118 1.02227508037
0 119 1.03695569739
0 120 1.01283283225
0 121 0.98082285269
0 122 1.04036202011
0 123 0.983532370763
0 124 1.00940292332
0 125 1.03041677183
0 126 0.993277608591
0 127 0.996429721163
0 128 0.998724306287
0 129 1.01609002861
0 130 1.00567869793
0 131 0.983749587504
0 132 1.01336949508
0 133 0.994812616994
0 134 1.01867811966
0 135 1.03665830638
0 136 1.02531024369
0 137 1.00434606187
0 138 0.976448034019
0 139 0.991654388841
0 140 1.00965573204
0 141 1.02583300065
0 142 0.998144355829
0 143 1.01933603917
0 144 1.01617838821
0 145 1.03295323296
0 146 1.0255368283
0 147 0.992695986613
0 148 0.970197027175
0 149 0.981140127326
0 150 1.01259893541
0 151 0.979277951573
0 152 0.993270332536
0 153 0.98409765776
0 154 0.986185108144
0 155 1.01033549905
0 156 1.01596228556
0 157 0.969771187813
0 158 0.984641952335
0 159 0.97632757593
0 160 0.968837379509
0 161 0.973171120454
0 162 0.951365865823
0 163 0.985648593149
0 164 0.918071469656
0 165 0.996194554378
0 166 1.01311153312
0 167 0.988476415076
0 168 0.990328449763
0 169 1.00485041075
0 170 0.993109340952
0 171 0.973401494306
0 172 1.05129133305
0 173 0.977182782166
0 174 0.971280171327
0 175 0.972999359746
0 176 1.0354069204
0 177 0.977378829139
0 178 0.990785323595
0 179 0.975182201402
0 180 1.0228485065
0 181 1.01189023556
0 182 1.0413368094
0 183 0.978571501503
0 184 0.998377107399
0 185 1.01265745707
0 186 0.986826609657
0 187 1.03443002116
0 188 0.920500775026
0 189 0.985514205261
0 190 0.978422379682
0 191 1.00052918224
0 192 0.997346364674
0 193 0.989602648601
0 194 1.02523174595
0 195 1.03957320373
0 196 1.03126450709
0 197 1.03040912708
0 198 1.01232914436
0 199 1.01135729365
0 200 1.00021673635
0 201 0.986240342059
0 202 1.00765125799
0 203 0.992514856662
0 204 1.01354468243
0 205 0.98277507612
0 206 1.00370996986
0 207 1.00834828816
0 208 0.999009435056
0 209 0.972498629553
0 210 0.96668400389
0 211 1.01182342022
0 212 0.994301163636
0 213 0.999075925973
0 214 0.989884569115
0 215 0.982057739399
0 216 1.03414398587
0 217 0.999494891399
0 218 0.985387919835
0 219 0.980963649846
0 220 1.03809571593
0 221 0.99923929977
0 222 0.980781352575
0 223 1.00058631806
0 224 1.05533233542
0 225 1.03100937629
0 226 1.03023650524
0 227 1.08808851822
0 228 1.10704116911
0 229 1.12897218406
0 230 1.10179375318
0 231 1.20603045366
0 232 1.3117839645
0 233 1.34059781961
0 234 1.37674760281
0 235 1.41050529943
0 236 1.0
0 237 1.0
0 238 1.0
0 239 1.0
1 0 1.0
1 1 1.0
1 2 1.0
1 3 1.0
1 4 1.0
1 5 1.0
1 6 1.0
1 7 1.0
1 8 1.0
1 9 0.892656088128
1 10 0.87763166346
1 11 0.911863003586
1 12 0.944161685887
1 13 0.895392469904
1 14 0.935680530408
1 15 0.936450071462
1 16 0.954978257168
1 17 0.863859770307
1 18 0.95275894838
1 19 0.934123739857
1 20 0.919628060409
1 21 0.911718333641
1 22 0.93007886602
1 23 0.898201496013
1 24 0.971810297435
1 25 0.997262952378
1 26 0.965832143875
1 27 1.02676316435
1 28 0.962301057661
1 29 1.01296326809
1 30 0.9708552781
1 31 0.995872159354
1 32 0.971177880763
1 33 1.01371708436
1 34 1.04921499355
1 35 0.986241403498
1 36 1.01431201585
1 37 1.0529697633
1 38 1.01103938893
1 39 0.962449458048
1 40 0.990685567798
1 41 0.99746298177
1 42 0.998771066215
1 43 0.939933912268
1 44 0.988835353384
1 45 0.963179892504
1 46 0.964188756315
1 47 0.948904152179
1 48 0.955324835433
1 49 0.974282594953
1 50 0.963834359436
1 51 0.978912004616
1 52 0.965709722672
1 53 0.981880661915
1 54 1.00405362798
1 55 0.926957367858
1 56 1.00268396029
1 57 1.03237595953
1 58 0.951517198187
1 59 1.00896321337
1 60 0.933668855787
1 61 0.94203110853
1 62 0.928221092785
1 63 0.885010966176
1 64 0.899861563597
1 65 0.858376380686
1 66 0.598588138934
1 67 1.0
1 68 1.0
1 69 1.0
1 70 1.0
1 71 1.0
1 72 0.808885512647
1 73 0.933781889407
1 74 0.973800794445
1 75 0.927263933777
1 76 0.9525831496
1 77 0.973834715183
1 78 0.996858586345
1 79 0.988122471339
1 80 0.993997602112
1 81 0.9936840391
1 82 0.981736526195
1 83 0.970457098437
1 84 0.976502131205
1 85 0.954572360297
1 86 0.969088854862
1 87 0.955777572904
1 88 0.931787044525
1 89 0.927855008844
1 90 0.985033495214
1 91 0.92607599367
1 92 0.951718419261
1 93 0.957683097352
1 94 0.941511894875
1 95 0.92544133603
1 96 0.939124290512
1 97 0.998967633494
1 98 0.955569765676
1 99 0.989649904906
1 100 0.922812119265
1 101 0.980240339123
1 102 1.00072235701
1 103 0.927798092877
1 104 0.982315180069
1 105 0.992754271146
1 106 0.974755624406
1 107 0.996583025247
1 108 0.982708765303
1 109 0.96445981745
1 110 0.942844737662
1 111 0.955146670442
1 112 0.956279941258
1 113 0.976902317267
1 114 0.957933466194
1 115 0.939243527267
1 116 0.932974409429
1 117 0.925463820331
1 118 0.967802695626
1 119 0.942316511436
1 120 0.957560888252
1 121 0.934839234699
1 122 0.965809324391
1 123 1.00285496109
1 124 0.958038757719
1 125 0.939583428761
1 126 0.970775999408
1 127 1.03271616535
1 128 0.94040465042
1 129 0.994198770606
1 130 0.968439811554
1 131 0.924791058933
1 132 0.88817717423
1 133 0.887371637359
1 134 0.982691632981
1 135 0.945847435919
1 136 0.891081953293
1 137 0.917542066803
1 138 0.891834790137
1 139 0.961677457894
1 140 0.925490472547
1 141 0.900492056534
1 142 0.950465297063
1 143 0.933967711011
1 144 0.999787842
1 145 0.957835219888
1 146 0.984259070713
1 147 0.979727241255
1 148 0.971474450246
1 149 0.993952967168
1 150 0.966116386733
1 151 0.962427373716
1 152 0.984801606313
1 153 0.975493322475
1 154 0.953061467396
1 155 0.981153005393
1 156 0.924953934274
1 157 0.946500655256
1 158 0.944879324681
1 159 0.92866234088
1 160 1.87602190762
1 161 0.989876515364
1 162 0.966977770324
1 163 0.95616421302
1 164 0.944701390142
1 165 0.931382228341
1 166 0.956250917135
1 167 0.972581443287
1 168 0.963417781748
1 169 0.996321254365
1 170 1.0
1 171 0.975829164773
1 172 1.0
1 173 0.959187102759
1 174 0.992117003986
1 175 1.00775472255
1 176 0.978793646157
1 177 0.981317258111
1 178 0.929171816423
1 179 0.980481343198
1 180 0.96433561578
1 181 0.975498839123
1 182 0.985478760591
1 183 0.993518182616
1 184 1.00178552489
1 185 1.01017396969
1 186 0.998471948999
1 187 0.932106086484
1 188 0.992333730037
1 189 0.992461574394
1 190 0.996993275526
1 191 0.9446027807
1 192 0.969841082883
1 193 1.00149984041
1 194 1.02831084906
1 195 1.01260860866
1 196 0.947687692569
1 197 0.983140941627
1 198 1.0
1 199 1.0
1 200 1.00479603437
1 201 0.975440797414
1 202 0.963799301724
1 203 1.00764928756
1 204 0.992473295476
1 205 1.01336420582
1 206 0.981907040437
1 207 0.988026925436
1 208 1.0
1 209 0.981530282726
1 210 1.00859486498
1 211 1.00668610236
1 212 1.02527353215
1 213 1.00389328788
1 214 1.00953036844
1 215 1.02003209708
1 216 0.999959358099
1 217 1.04332513992
1 218 1.02785360395
1 219 0.989103671509
1 220 0.992952196651
1 221 1.0165453394
1 222 0.979155933349
1 223 1.01533735537
1 224 1.0013067362
1 225 0.970966967103
1 226 0.989451007935
1 227 0.984212340411
1 228 0.952517660051
1 229 0.927498677275
1 230 0.984788771332
1 231 0.958248053771
1 232 0.967660992165
1 233 0.869717328346
1 234 0.90604466497
1 235 1.0
1 236 1.0
1 237 1.0
1 238 1.0
1 239 1.0
