373 7 2
0.055 0.473843 0.452485 0.776 7.4605 0.922146 1.2318 
1 0
0.005 0.957341 0.0376428 0 2.35002 0.57296 0.864752 
0 1
0.275 0.418826 0.332472 0.435897 4.30403 1.03869 1.11251 
1 0
0 1.22507 0.00621967 0 2.39109 0.275199 0.820964 
0 1
0.08 0.523542 0.301791 0.542169 4.36948 0.775896 1.07274 
1 0
0 1.17866 0.0155366 0 2.26282 0.274389 0.900183 
0 1
0 1.21475 0.00980784 0 2.33715 0.416947 0.817389 
0 1
0.065 0.757971 0.117166 0.270588 3.13953 0.88432 1.08527 
1 0
0 1.20088 0.0264981 0 2.36629 0.375966 0.897741 
0 1
0 1.17719 0.0361815 0 2.44808 0.479483 0.918113 
0 1
0.005 0.888484 0.119704 0.0748299 2.53827 0.510602 0.949184 
0 1
0 1.07357 0.0765752 0.00719424 2.42222 0.389917 0.917922 
0 1
0.005 0.929899 0.0765838 0.0272727 2.51768 0.544674 0.923534 
0 1
0.01 0.89454 0.0806181 0.0126582 2.40739 0.459747 0.868046 
0 1
-0.005 0.427395 0.578269 0.371795 3.21052 0.772935 1.04897 
1 0
0 0.905035 0.0884928 0.0149254 2.01874 0.48925 0.865262 
0 1
0 1.12228 0.0360326 0 2.23019 0.588345 0.917343 
0 1
0 1.15585 0.0148719 0 2.31887 0.270024 0.824652 
0 1
0 1.24613 0.010655 0 2.35442 0.280964 0.820909 
0 1
0.005 0.937283 0.0771046 0.0128205 2.48972 0.55582 0.848201 
0 1
0 0.871573 0.104757 0.0121951 2.5083 0.56044 0.852756 
0 1
0.005 0.743555 0.202954 0.106557 2.6931 0.646565 0.925617 
0 1
0 1.0605 0.0232157 0 2.34101 0.305012 0.832995 
0 1
0.005 1.02628 0.0960832 0.00714286 2.44586 0.376245 0.893345 
0 1
0.005 0.923473 0.150039 0.00769231 2.31385 0.483617 0.930668 
0 1
0.195 0.563364 0.210842 0.2 2.28857 0.364463 0.870828 
0 1
0 0.865706 0.0898874 0.0333333 1.98326 0.304505 0.875142 
0 1
0 1.32188 0.0105363 0 2.3925 0.27132 0.891441 
0 1
0.17 0.513267 0.202609 0.333333 2.32798 0.825417 0.96596 
1 0
-0.08 0.360297 0.629498 0.74026 5.7307 1.05641 1.20113 
1 0
0 1.35963 0.00874808 0 2.45038 0.273273 0.89535 
0 1
0.045 0.35164 0.499848 0.681159 5.71836 0.786071 1.18977 
1 0
0 0.998136 0.0833871 0.0168067 2.3279 0.546749 0.900019 
0 1
0.09 0.370241 0.396102 0.678571 4.99361 1.00159 1.14062 
1 0
0 0.975147 0.0942825 0.0103093 2.32554 0.385274 0.85875 
0 1
0.01 0.971282 0.0885186 0.00869565 2.42498 0.456167 0.887061 
0 1
0.075 0.432351 0.501391 0.680672 6.50946 0.896033 1.26388 
1 0
0.165 0.503935 0.243785 0.646154 4.25693 0.939438 1.14172 
1 0
0.01 0.783241 0.045317 0 2.53348 0.186159 0.847588 
0 1
0 1.11484 0.0221958 0 2.28209 0.315939 0.819412 
0 1
0 1.19659 0.0304537 0 2.40297 0.427601 0.894569 
0 1
0.045 0.588678 0.534942 0.433824 3.85464 0.611001 1.10958 
1 0
0.005 0.78009 0.125453 0.0277778 2.6116 0.338209 0.824643 
0 1
0.215 0.391762 0.384562 0.640625 5.36262 0.811126 1.16106 
1 0
0.145 0.452145 0.300482 0.74026 6.14905 0.973905 1.25212 
1 0
0 1.15522 0.0718098 0.00617284 2.43759 0.324532 0.900299 
0 1
0 1.26288 0.0153732 0 2.36233 0.26142 0.838103 
0 1
0.005 1.03928 0.0323642 0 2.23046 0.510095 0.874474 
0 1
0 1.33771 0.00300532 0 2.31263 0.250583 0.824556 
0 1
0.055 0.45969 0.190169 0.717949 4.4487 1.08965 1.08915 
1 0
0 1.22959 0.00906067 0 2.3458 0.293239 0.817386 
0 1
0.105 0.756968 0.0834783 0.108434 2.74776 0.473904 0.898105 
0 1
0.205 0.463467 0.568617 0.510204 4.69763 0.97669 1.21773 
1 0
0.2 0.512018 0.41282 0.545455 5.41926 1.343 1.20913 
1 0
0.095 0.485969 0.440894 0.602273 4.71253 0.813688 1.17087 
1 0
0.005 1.14955 0.0218857 0 2.39929 0.316564 0.870598 
0 1
-0.045 0.49821 0.418579 0.537313 3.53034 0.764068 1.03803 
1 0
0.095 0.680831 0.0862943 0.157895 2.57472 0.671677 0.950638 
1 0
0.19 0.528619 0.161199 0.468085 3.77439 0.724007 1.00508 
1 0
0 1.23769 0.0289308 0 2.41516 0.329682 0.879493 
0 1
0 1.22206 0.0365513 0 2.33351 0.41924 0.907856 
0 1
0.435 0.432134 0.343679 0.38 3.20484 1.14316 1.12075 
1 0
0.28 0.516677 0.17162 0.513514 2.71061 0.835048 1.08029 
1 0
0.015 0.84413 0.0572273 0.015625 2.41439 0.481721 0.838908 
0 1
0.025 0.801196 0.107484 0.0422535 2.25854 0.492099 0.880546 
0 1
-0.02 0.477305 0.493342 0.538462 4.1521 0.98587 1.15201 
1 0
0 0.9543 0.106172 0.00980392 2.34541 0.410704 0.875474 
0 1
0.265 0.478232 0.149243 0.568182 4.62621 0.656436 1.13295 
1 0
0.06 0.42042 0.830128 0.711409 7.68628 1.0979 1.26585 
1 0
0.155 0.3408 0.32391 0.607843 4.32636 1.00019 1.02499 
1 0
0 1.19891 0.0347564 0 2.4216 0.346744 0.892202 
0 1
0 0.946054 0.0700519 0.0153846 2.19624 0.314846 0.841722 
0 1
0 1.3171 0.0120623 0 2.3693 0.260261 0.882777 
0 1
0.245 0.268405 0.528161 0.469388 3.94192 1.3833 1.10761 
1 0
0.15 0.408387 0.294883 0.653846 4.61716 0.718097 1.06674 
1 0
-0.855 0.568345 0.196036 0.424242 5.2457 1.12784 1.21919 
1 0
0.055 0.645047 0.0928181 0.26 2.98723 0.624219 0.961748 
1 0
-0.005 0.950442 0.0824839 0.0133333 2.03338 0.520024 0.853145 
0 1
-0.005 0.780492 0.118228 0.0526316 2.46107 0.428997 0.865452 
0 1
0.085 0.447889 0.509467 0.337079 2.7656 0.811944 1.06704 
1 0
0 1.05826 0.0753246 0.00892857 2.29788 0.298509 0.904665 
0 1
0 1.18644 0.0103389 0 2.25778 0.297892 0.853766 
0 1
0.01 0.420637 0.522376 0.5625 4.11451 0.701322 1.10048 
1 0
0.14 0.465242 0.277632 0.215385 2.83404 0.954226 0.942107 
1 0
0 1.11543 0.0521314 0 2.4401 0.319998 0.896361 
0 1
0.195 0.400594 0.449579 0.661538 4.96402 0.796172 1.16693 
1 0
0 1.31712 0.0120887 0 2.10248 0.428019 0.867531 
0 1
0 0.99595 0.085861 0.0166667 2.38087 0.372405 0.89996 
0 1
0 1.3471 0.00517212 0 2.30661 0.26407 0.854919 
0 1
0.14 0.465269 0.445736 0.757895 5.73377 0.775422 1.15352 
1 0
0.28 0.419754 0.375483 0.34375 3.47048 0.800256 1.01704 
1 0
0 1.2789 0.00586376 0 2.53919 0.229291 0.813287 
0 1
0.05 0.459363 0.376296 0.532258 4.04728 0.821974 1.08039 
1 0
0.01 0.863342 0.0808985 0.0166667 2.37982 0.432952 0.821823 
0 1
0.19 0.26571 0.341954 0.617647 5.65473 0.954778 1.11692 
1 0
0.195 0.432003 0.445782 0.5375 4.45632 0.787032 1.13536 
1 0
0.125 0.733701 0.0956425 0.0645161 2.6982 0.530076 0.878114 
0 1
0 1.23732 0.0295806 0 2.33315 0.412707 0.893099 
0 1
0 1.25894 0.00827503 0 1.98254 0.210145 0.821162 
0 1
0 1.31527 0.00685241 0 2.07509 0.179315 0.883135 
0 1
-0.135 0.223321 0.331508 0.958333 6.28063 1.10152 1.13035 
1 0
0.15 0.564853 0.370506 0.4 5.35708 0.979579 1.1895 
1 0
0.085 0.627909 0.160895 0.226415 2.93282 1.15811 0.950153 
1 0
0.13 0.33125 0.446675 0.566667 4.46395 1.09897 1.08109 
1 0
-0.045 0.478479 0.335112 0.701754 4.29374 0.68185 1.06622 
1 0
0.015 0.430473 0.511431 0.56 4.05916 0.877389 1.14374 
1 0
0 1.27278 0.00675211 0 2.36791 0.265967 0.831862 
0 1
0 1.23327 0.0202784 0 2.17733 0.336961 0.888028 
0 1
0 1.31623 0.00690569 0 2.32359 0.235743 0.847432 
0 1
0.14 0.347194 0.898274 0.760331 7.92259 0.952826 1.32065 
1 0
0 1.2558 0.0233269 0 2.25539 0.35669 0.884414 
0 1
-0.02 0.959164 0.0848643 0.0163934 1.85616 0.285435 0.878826 
0 1
0.76 0.381786 0.271689 0.633333 6.12495 1.01238 1.21037 
1 0
0 1.17551 0.0137901 0 2.26257 0.354307 0.845056 
0 1
0 1.13758 0.0150948 0 2.61028 0.50534 0.843596 
0 1
0.125 0.472777 0.291104 0.4 3.59277 1.03036 1.0903 
1 0
0.025 0.547539 0.390904 0.780822 5.3781 0.795552 1.15003 
1 0
0 1.06294 0.0308115 0 2.17497 0.36231 0.863614 
0 1
0.075 0.395739 0.502165 0.537313 4.7512 0.864237 1.0948 
1 0
0 0.969675 0.0678736 0.0315789 2.08855 0.38416 0.867638 
0 1
-0.02 0.44359 0.412916 0.716049 6.24239 0.861171 1.19895 
1 0
0.12 0.386943 0.749828 0.691589 6.54089 0.923904 1.24102 
1 0
0.28 0.448941 0.421348 0.597015 3.48197 0.835514 1.1114 
1 0
0 1.2477 0.0170423 0 2.40567 0.291036 0.868602 
0 1
-0.005 0.913898 0.0946816 0.0555556 2.07745 0.487258 0.916692 
0 1
0.06 0.484862 0.465213 0.748031 6.40764 1.19415 1.22509 
1 0
0 0.906571 0.115797 0.020202 2.43688 0.500531 0.883575 
0 1
0 1.11301 0.0357324 0 2.44333 0.504774 0.864575 
0 1
0.005 0.894809 0.130375 0.0307692 2.48301 0.567625 0.92458 
0 1
-0.005 1.08627 0.027992 0 2.48608 0.30357 0.824544 
0 1
-0.005 1.24714 0.011294 0 2.16757 0.212401 0.829372 
0 1
0.005 0.888454 0.086679 0.0823529 2.39578 0.927082 0.964971 
1 0
0.085 0.34823 0.269415 0.8125 5.306 0.694117 1.14978 
1 0
-0.015 0.395038 0.371448 0.608696 4.57084 0.634387 0.98345 
0 1
0 1.29906 0.00878805 0 2.29837 0.202617 0.860259 
0 1
0.015 0.37326 0.501586 0.64 5.38749 0.822463 1.11212 
1 0
0 1.0284 0.0640471 0.0126582 1.98342 0.415322 0.881915 
0 1
0.055 0.62829 0.2227 0.52381 3.70276 0.687104 1.11818 
1 0
0.005 0.689766 0.162896 0.37931 2.8692 0.597596 1.08028 
1 0
0.005 0.824029 0.0600809 0.00934579 2.40276 0.331867 0.881567 
0 1
0.015 0.925399 0.0571244 0.0166667 1.9875 0.449547 0.829401 
0 1
0.075 0.495077 0.481742 0.739437 6.56847 0.699545 1.22551 
1 0
0 1.38465 0.00760496 0 2.39587 0.229838 0.874891 
0 1
0.13 0.533074 0.178189 0.518519 3.94642 0.783434 1.10521 
1 0
0.085 0.600739 0.150071 0.440678 3.51422 0.703895 1.10722 
1 0
0.1 0.427702 0.488415 0.829545 5.32192 0.823412 1.31787 
1 0
0.115 0.500264 0.409596 0.461538 4.57507 0.819975 1.19592 
1 0
0.235 0.462445 0.266336 0.3125 3.42404 0.612458 0.988608 
1 0
0.025 0.688503 0.103713 0.242424 3.11453 0.732908 0.986972 
1 0
0 1.14873 0.0391203 0 2.38115 0.327051 0.873978 
0 1
0.065 0.413327 0.261804 0.648148 5.30283 1.08331 1.14352 
1 0
0.165 0.481128 0.268947 0.465116 3.65521 0.753105 1.03494 
1 0
0.07 0.463583 0.498131 0.207207 2.54798 1.07156 1.04536 
1 0
0 1.27716 0.0117497 0 2.44474 0.316748 0.875493 
0 1
0 1.16604 0.0204476 0 2.47037 0.230659 0.895082 
0 1
0.165 0.498585 0.23758 0.38 3.34066 0.611361 1.07067 
1 0
0.145 0.568697 0.274702 0.512821 4.17692 0.632197 1.10513 
1 0
0.005 0.865483 0.0874267 0.0471698 2.56812 0.587435 0.886609 
0 1
0 1.36779 0.0182997 0 2.37376 0.245456 0.910668 
0 1
0.16 0.523893 0.199981 0.550725 3.88719 0.783537 1.08343 
1 0
-0.005 0.91583 0.0863504 0.0212766 2.46235 0.484098 0.884177 
0 1
0.165 0.473954 0.389635 0.652632 5.81282 0.901498 1.23524 
1 0
0.035 0.821233 0.0410816 0.12963 2.61603 0.796642 0.950804 
1 0
-0.685 0.624196 0.136801 0.530864 4.76082 0.795957 1.07226 
1 0
0.055 0.847704 0.0946271 0.0136986 1.99386 0.520692 0.863221 
0 1
0.15 0.525777 0.185018 0.486111 4.09386 0.814382 1.09687 
1 0
0.075 0.826127 0.0633258 0.0958904 2.68389 0.606876 0.967659 
1 0
0 0.908428 0.138416 0.0183486 2.44827 0.353656 0.891508 
0 1
0.105 0.494327 0.269226 0.5 3.95205 0.778327 1.07172 
1 0
0.125 0.688101 0.125891 0.157895 2.03117 0.537968 0.871833 
0 1
0.015 0.512239 0.267231 0.214286 2.45837 1.43733 1.01812 
1 0
0.15 0.575242 0.16998 0.304878 3.39905 0.736955 0.997138 
1 0
0.01 0.924607 0.0757265 0.0246914 2.2076 0.388991 0.892611 
0 1
0 0.866284 0.129892 0.0315789 2.33096 0.275522 0.89799 
0 1
0.15 0.501033 0.40625 0.5 5.61487 0.868893 1.1959 
1 0
0.005 0.955168 0.111596 0.0247934 2.42216 0.412701 0.900485 
0 1
0 1.20422 0.0189408 0 2.21059 0.317331 0.834586 
0 1
0.045 0.645748 0.120874 0.325581 3.12599 0.944287 1.00284 
1 0
0 1.30925 0.013067 0 2.43855 0.461648 0.906437 
0 1
0.005 0.940267 0.107636 0.0106383 2.35619 0.392883 0.858986 
0 1
0.31 0.418688 0.316994 0.559322 4.74032 0.751778 1.13349 
1 0
0.335 0.381698 0.677175 0.681159 5.89103 0.830819 1.13981 
1 0
0 1.2134 0.0320548 0 2.4152 0.433087 0.897444 
0 1
0.01 0.833524 0.0786104 0.194805 3.0222 1.02804 1.02615 
1 0
0.005 0.719738 0.159882 0.0447761 2.42375 0.515762 0.842926 
0 1
0.1 0.447802 0.401888 0.457447 3.7822 0.810643 1.15506 
1 0
0 1.26173 0.011196 0 2.43897 0.29493 0.841618 
0 1
0 1.32022 0.00786463 0 2.18519 0.262576 0.870627 
0 1
0.155 0.489516 0.219829 0.369231 3.85805 0.884819 1.00844 
1 0
-0.005 0.76064 0.126591 0.0735294 2.25528 0.399268 0.889772 
0 1
0.3 0.40454 0.434921 0.542373 4.89309 0.76025 1.03056 
1 0
0.115 0.515279 0.383972 0.488889 4.83068 0.912804 1.17355 
1 0
0.41 0.518754 0.115922 0.568182 4.56973 0.846672 1.04483 
1 0
0.245 0.420165 0.525144 0.730769 6.47925 0.940785 1.27216 
1 0
0.01 0.622489 0.431195 0.0887097 2.64758 0.433518 0.938581 
0 1
0.01 0.877771 0.122899 0.0315789 2.15581 0.364555 0.894078 
0 1
0 1.12912 0.0382777 0 2.47653 0.366514 0.897058 
0 1
0 1.28287 0.0301992 0 2.44385 0.41041 0.902346 
0 1
0.015 0.764153 0.145758 0.0461538 2.27947 0.574647 0.844131 
0 1
0.075 0.594593 0.157511 0.413793 3.44847 0.785406 1.01662 
1 0
0.155 0.448389 0.4569 0.586538 6.73932 0.78966 1.19603 
1 0
-0.025 0.427338 0.541848 0.814159 7.98648 1.12053 1.32564 
1 0
0 0.961486 0.104975 0.0165289 2.46247 0.356003 0.917304 
0 1
0.125 0.576023 0.160181 0.521739 2.89445 0.811575 1.09869 
1 0
0.055 0.451864 0.470697 0.606061 6.21453 1.05229 1.23344 
1 0
0 1.22529 0.0216436 0 2.40706 0.275376 0.865805 
0 1
0.02 0.770227 0.158586 0.0263158 2.5167 0.46948 0.901731 
0 1
0.225 0.34419 0.362818 0.677419 4.83712 0.634781 1.05788 
1 0
0.125 0.501839 0.366981 0.472973 4.50421 0.90292 1.13409 
1 0
0.14 0.414287 0.402097 0.615385 6.21926 1.02506 1.18931 
1 0
0.36 0.395598 0.300312 0.488889 3.59295 0.781021 1.01239 
1 0
0 1.24616 0.00766422 0 2.38122 0.388669 0.83251 
0 1
-0.72 0.485596 0.267816 0.488889 3.91746 1.07246 1.10903 
1 0
0 1.1636 0.0263169 0 2.37284 0.346086 0.859748 
0 1
0 1.01351 0.0340463 0 2.33528 0.414452 0.825403 
0 1
0 1.19252 0.0249119 0 2.35534 0.351862 0.89707 
0 1
0.03 0.569639 0.255742 0.447059 3.20463 0.585711 1.04734 
1 0
0.005 0.763925 0.114042 0.121951 2.82902 0.737532 1.01532 
1 0
0.025 0.402588 0.697025 0.648649 6.05881 1.12769 1.20073 
1 0
0 0.980104 0.0696075 0.0105263 2.3613 0.565548 0.887579 
0 1
-0.605 0.518315 0.410677 0.635135 5.0215 1.03889 1.22374 
1 0
0.285 0.423062 0.421922 0.622951 4.52029 0.8724 1.15449 
1 0
0.005 1.24412 0.00847796 0 2.45387 0.429491 0.883393 
0 1
0.165 0.488911 0.396253 0.515152 5.26704 0.834774 1.15731 
1 0
0.005 0.71189 0.112045 0.0136986 2.38687 0.431561 0.88024 
0 1
0 1.23486 0.0145001 0 2.12606 0.331365 0.889515 
0 1
0 1.20283 0.0103367 0 2.53987 0.382551 0.809743 
0 1
0.47 0.485578 0.1558 0.631579 4.75791 0.848089 1.09112 
1 0
0 1.31144 0.00680241 0 1.89263 0.226355 0.860057 
0 1
0.06 0.51355 0.201403 0.520548 4.33976 0.760558 1.1221 
1 0
0 0.99592 0.0712805 0.0183486 2.52266 0.52772 0.875977 
0 1
0.375 0.353905 1.62105 0.0294118 2.23158 0.781029 0.94659 
1 0
0.24 0.340033 0.387224 0.75 6.76984 0.730389 1.14611 
1 0
-0.075 0.459654 0.497457 0.684932 4.90325 0.70609 1.15507 
1 0
0.005 0.998554 0.0445502 0 2.39019 0.559256 0.898752 
0 1
0.04 0.755337 0.102461 0.239437 2.72841 0.763144 1.00142 
1 0
0.08 0.411027 0.309072 0.370968 4.22676 1.00032 1.05824 
1 0
0.15 0.58656 0.226744 0.349057 3.4982 0.85816 1.08434 
1 0
0.085 0.495976 0.229759 0.612903 3.92275 0.743299 1.1804 
1 0
0 1.35623 0.00880534 0 2.44401 0.232201 0.89076 
0 1
0.01 1.10803 0.0210069 0 2.38971 0.437385 0.85004 
0 1
-0.005 0.892975 0.0829417 0.016129 2.27851 0.399753 0.827156 
0 1
0 1.23321 0.029659 0 2.36246 0.318457 0.919064 
0 1
0.18 0.544479 0.173264 0.192982 2.72608 0.719521 0.901031 
1 0
0.79 0.412358 0.621452 0.506667 4.35275 1.20719 1.26915 
1 0
0.01 0.509083 0.155367 0.345455 3.49807 0.678293 0.959123 
1 0
0.435 0.418943 0.403096 0.674699 5.47795 0.827943 1.21383 
1 0
0.09 0.459629 0.531649 0.594595 5.4479 0.851497 1.24013 
1 0
0 1.29316 0.00733104 0 2.34843 0.312086 0.833067 
0 1
0.495 0.405151 0.452503 0.5 6.00138 1.08362 1.19571 
1 0
0 1.26016 0.0210647 0 2.43735 0.233615 0.892983 
0 1
0.04 0.525571 0.381898 0.544643 4.13786 1.02795 1.13363 
1 0
0 1.26971 0.00645839 0 2.27826 0.459875 0.846297 
0 1
0.235 0.530436 0.280206 0.337838 4.08395 0.827746 1.0353 
1 0
0.015 0.725001 0.113208 0.0985916 2.74263 0.764449 0.959493 
1 0
0 0.82856 0.1188 0.025641 2.3981 0.549389 0.89004 
0 1
0.005 0.938633 0.0994361 0.0181818 2.4412 0.462413 0.882794 
0 1
0 1.35801 0.0145035 0 2.2467 0.296198 0.887946 
0 1
0.09 0.43653 0.457209 0.443182 4.59884 0.861994 1.13233 
1 0
0.055 0.474573 0.353902 0.824561 4.48934 1.04145 1.23122 
1 0
0 1.30695 0.00934931 0 2.38229 0.244493 0.83987 
0 1
0.18 0.303893 0.317368 0.88 5.48825 0.962463 1.23548 
1 0
0 0.922352 0.0879386 0.0135135 2.37314 0.382493 0.83894 
0 1
0.125 0.672117 0.0751011 0.218182 3.00806 0.746785 0.969295 
1 0
0.005 0.935192 0.0741672 0.0128205 2.33938 0.498199 0.847978 
0 1
0.065 0.697746 0.116872 0.217391 2.75432 0.810474 0.968784 
1 0
0.025 0.594118 0.207346 0.329114 3.02328 0.755432 1.01482 
1 0
0.005 0.931892 0.101393 0.038835 2.05703 0.438253 0.895338 
0 1
0 1.18547 0.0102384 0 2.34534 0.403483 0.811618 
0 1
0.005 0.820015 0.0944518 0.0307692 2.35045 0.282483 0.823061 
0 1
0 0.940851 0.098907 0.0106383 2.45865 0.506106 0.881654 
0 1
0.17 0.459096 0.269288 0.590909 4.14815 0.953293 1.11216 
1 0
0.265 0.502487 0.22635 0.617647 5.14289 1.11396 1.18059 
1 0
0.17 0.49775 0.568645 0.586777 6.06268 0.837999 1.17907 
1 0
0 1.13197 0.0294169 0 2.36186 0.358395 0.858535 
0 1
0 1.19488 0.018884 0 2.46414 0.283666 0.90133 
0 1
0.46 0.673024 0.155954 0.463415 4.53009 0.718053 1.10831 
1 0
0 1.10813 0.0591639 0 2.45444 0.358393 0.898995 
0 1
0 1.20912 0.0132747 0 1.87735 0.407214 0.858244 
0 1
0.11 0.410454 0.497007 0.651685 6.14397 0.923567 1.22385 
1 0
0.135 0.529576 0.216809 0.354839 4.0258 1.02976 1.11543 
1 0
0.14 0.222065 1.6649 0.690476 4.84753 0.685532 1.04216 
1 0
0 1.14979 0.0249732 0 2.13424 0.400211 0.919044 
0 1
0.01 0.778883 0.138878 0.0266667 2.45813 0.5272 0.840231 
0 1
0 1.30102 0.0295015 0 2.37595 0.263318 0.911557 
0 1
0.275 0.387267 0.452264 0.44 3.23658 0.934618 0.997304 
1 0
0.08 0.479564 0.495626 0.456 4.26462 1.01785 1.11839 
1 0
0.11 0.392495 0.551566 0.604651 5.85945 0.77035 1.15335 
1 0
0.07 0.487465 0.264883 0.183099 2.83119 0.885994 0.988358 
1 0
0.075 0.498519 0.196209 0.636364 3.55429 0.719084 1.05234 
1 0
0.005 0.581863 0.124102 0.56 3.53007 0.853406 1.10473 
1 0
-0.005 1.16737 0.0247866 0 1.93472 0.378618 0.881214 
0 1
0 1.27174 0.0222855 0 2.4449 0.331038 0.897517 
0 1
0 1.26375 0.0159685 0 2.35592 0.303173 0.857077 
0 1
0.2 0.410729 0.264334 0.42623 4.87131 0.841438 1.07583 
1 0
0 1.15569 0.0174747 0 2.1341 0.273675 0.841629 
0 1
0.02 0.764549 0.0916267 0.0606061 2.67778 0.73175 0.931206 
1 0
0.13 0.542428 0.415359 0.306452 3.422 0.693285 1.03036 
0 1
0.09 0.449409 0.219763 0.711864 5.56245 0.768362 1.13215 
1 0
-0.005 1.24279 0.0123949 0 2.34625 0.489521 0.865663 
0 1
0.25 0.276227 1.03947 0.578313 6.64612 1.60622 1.18624 
1 0
0 1.14325 0.033829 0 2.38904 0.382582 0.844077 
0 1
0.1 0.527135 0.224183 0.553571 3.27858 0.751139 1.14006 
1 0
0.085 0.499642 0.210311 0.568627 3.65291 1.01883 1.08995 
1 0
0.21 0.44788 0.579932 0.563025 5.9252 1.2417 1.19023 
1 0
0.185 0.554859 0.191867 0.418605 4.2924 0.895872 1.1375 
1 0
0.02 0.553112 0.149607 0.519231 4.05117 0.637129 1.08734 
1 0
0.175 0.47467 0.68336 0.792453 5.57471 0.874044 1.21982 
1 0
0 0.792205 0.094339 0.144144 2.73605 0.519971 0.932902 
0 1
0.015 0.739379 0.12246 0.031746 2.44874 0.530782 0.850033 
0 1
-0.005 0.992358 0.0179339 0 2.3475 0.470973 0.832852 
0 1
0.02 0.87518 0.0758617 0.0344828 2.5134 0.402626 0.859976 
0 1
0.03 0.528887 0.221219 0.301587 3.11584 0.806991 0.983597 
1 0
0.035 0.713745 0.121057 0.216667 3.02288 0.654234 0.959097 
1 0
0.105 0.512719 0.534836 0.496504 4.86584 0.956962 1.14811 
1 0
0 1.23485 0.0118095 0 2.18084 0.398792 0.868966 
0 1
0 0.95238 0.0860332 0.0120482 2.06471 0.534661 0.886905 
0 1
-0.005 0.849045 0.124924 0.1 2.67933 0.479039 0.946137 
0 1
0.105 0.417226 0.5667 0.669725 6.31681 0.8809 1.20033 
1 0
0 1.27794 0.00739798 0 1.77648 0.193122 0.863324 
0 1
0.085 0.611119 0.207773 0.515464 4.75434 0.679986 1.13151 
1 0
0 1.35137 0.0101767 0 2.06878 0.229629 0.865448 
0 1
0 1.29906 0.00873093 0 1.85107 0.727003 0.869524 
0 1
0 1.07397 0.0868356 0.00684932 2.44972 0.488058 0.917877 
0 1
0.025 0.713332 0.127445 0.140625 2.58792 0.741575 0.943256 
1 0
0 1.14245 0.0146238 0 2.46763 0.328822 0.830509 
0 1
0 0.971996 0.103029 0.0344828 2.42677 0.423874 0.936613 
0 1
0.01 0.863825 0.062756 0.015873 2.58675 0.407808 0.875477 
0 1
0.16 0.562001 0.304634 0.410714 4.11241 0.965138 1.11014 
1 0
-0.885 0.6071 0.175359 0.428571 5.32654 0.928891 1.05373 
1 0
0.12 0.601104 0.173221 0.365854 3.5253 1.17812 1.09003 
1 0
0 1.19685 0.00856427 0 2.25575 0.261605 0.836939 
0 1
0 1.24978 0.0101363 0 2.03595 0.27548 0.850289 
0 1
0.325 0.438883 0.224463 0.464286 3.76813 0.733689 1.07901 
1 0
0.21 0.4064 0.454962 0.731183 5.92026 0.741749 1.24086 
1 0
0 1.30073 0.0164977 0 2.1167 0.489072 0.916473 
0 1
0 1.24952 0.00961637 0 2.35543 0.369799 0.833919 
0 1
0 0.928219 0.0864667 0.0136986 2.2367 0.354612 0.855084 
0 1
0.075 0.51288 0.416362 0.642857 5.82312 0.883327 1.21606 
1 0
0.04 0.606774 0.14987 0.72549 4.44271 0.639284 1.1766 
1 0
0.195 0.409005 0.828784 0.621849 5.93563 0.947562 1.27315 
1 0
-0.005 0.756283 0.137941 0.0277778 2.56655 0.486144 0.880687 
0 1
0 0.905618 0.171626 0.0266667 2.52278 0.503569 0.925963 
0 1
0.105 0.385426 0.455658 0.693182 5.49663 0.816109 1.21516 
1 0
0.06 0.467789 0.701136 0.576 5.2536 0.780942 1.13524 
1 0
0.005 0.957053 0.12242 0.00952381 2.09975 0.382146 0.882322 
0 1
0 0.821762 0.109698 0.0510204 2.42721 0.428013 0.917299 
0 1
0 1.17795 0.0117625 0 2.42481 0.396853 0.830802 
0 1
0 1.14881 0.0638164 0 2.43627 0.419559 0.903354 
0 1
0.02 0.477596 0.698479 0.524752 4.09323 0.814866 1.08626 
1 0
0 1.31743 0.00819475 0 2.25918 0.227977 0.833476 
0 1
0.205 0.463414 0.187706 0.75 3.1555 0.632796 0.926842 
1 0
0 1.23509 0.00822186 0 2.39957 0.240255 0.807887 
0 1
0.945 0.474713 0.271563 0.681818 6.71199 1.14467 1.20379 
1 0
0.005 0.973063 0.0551031 0 2.36508 0.430537 0.833811 
0 1
0 1.29305 0.00754526 0 2.41233 0.23537 0.868635 
0 1
0.225 0.477728 0.561025 0.663717 7.17547 1.00949 1.26292 
1 0
0.005 0.665554 0.124466 0.176471 2.97572 0.660832 0.951733 
1 0
-0.005 1.26871 0.0176873 0 1.88572 0.31877 0.877107 
0 1
0.065 0.627695 0.124707 0.45614 3.78937 0.609979 1.08852 
1 0
0 0.921993 0.100152 0.036036 2.32741 0.596277 0.926492 
0 1
0.07 0.498379 0.233885 0.537313 5.59895 0.933135 1.17223 
1 0
0 1.21531 0.0173353 0 2.38195 0.396322 0.893603 
0 1
0.07 0.593815 0.295438 0.641509 5.64513 0.876916 1.22565 
1 0
0 1.20321 0.0330893 0 2.42563 0.390744 0.888649 
0 1
0 1.1066 0.0292678 0 2.43565 0.289249 0.901634 
0 1
0.125 0.387801 0.576559 0.628866 5.16116 1.07227 1.22553 
1 0
0.17 0.324559 0.756588 0.695652 6.30388 0.839539 1.22936 
1 0
-0.02 0.444637 0.466791 0.588235 4.82291 0.751443 1.12751 
1 0
0.1 0.566026 0.155397 0.461538 3.26266 1.28184 1.17543 
1 0
0 1.19802 0.0270755 0 2.38122 0.28951 0.850121 
0 1
0.125 0.640712 0.113166 0.196078 2.85726 0.571872 0.986517 
1 0
0.12 0.370934 0.859899 0.727273 9.17638 1.14778 1.34717 
1 0
